1	1	110000	+	0.031007752
1	110001	220000	+	0
1	220001	330000	+	0.031007752
1	330001	440000	+	0
1	440001	550000	+	0.062015504
1	550001	660000	+	0.015503876
1	660001	770000	+	0.062015504
1	770001	880000	+	0.031007752
1	880001	990000	+	0.031007752
1	990001	1100000	+	0.062015504
1	1100001	1210000	+	0
1	1210001	1320000	+	0.015503876
1	1320001	1380000	+	0
1	1440001	1550000	+	0.108527132
1	1550001	1660000	+	0
1	1660001	1770000	+	0
1	1770001	1880000	+	0.015503876
1	1880001	1990000	+	0
1	1990001	2100000	+	0
1	2100001	2210000	+	0.031007752
1	2210001	2320000	+	0.093023256
1	2380001	2490000	+	0.031007752
1	2490001	2600000	+	0.031007752
1	2600001	2710000	+	0.046511628
1	2710001	2820000	+	0
1	2820001	2930000	+	0
1	2930001	3040000	+	0.062015504
1	3040001	3150000	+	0
1	3150001	3170000	+	0
1	3230001	3340000	+	0.015503876
1	3340001	3450000	+	0.031007752
1	3450001	3540000	+	0.07751938
1	3600001	3710000	+	0.015503876
1	3710001	3820000	+	0
1	3820001	3930000	+	0.015503876
1	3930001	4040000	+	0.124031008
1	4040001	4150000	+	0.031007752
1	4150001	4190000	+	0.031007752
1	4250001	4360000	+	0
1	4360001	4430000	+	0.015503876
1	4490001	4600000	+	0
1	4600001	4710000	+	0.015503876
1	4710001	4820000	+	0.015503876
1	4820001	4930000	+	0.031007752
1	4930001	5040000	+	0
1	5040001	5150000	+	0.046511628
1	5150001	5190000	+	0.015503876
1	5250001	5360000	+	0
1	5360001	5470000	+	0
1	5470001	5580000	+	0.015503876
1	5580001	5600000	+	0
1	5660001	5770000	+	0.015503876
1	5770001	5870000	+	0
1	5930001	6040000	+	0
1	6040001	6150000	+	0
1	6150001	6260000	+	0
1	6260001	6370000	+	0
1	6370001	6480000	+	0.015503876
1	6480001	6590000	+	0
1	6590001	6700000	+	0
1	6700001	6810000	+	0
1	6810001	6920000	+	0
1	6920001	7030000	+	0
1	7030001	7140000	+	0.015503876
1	7140001	7250000	+	0
1	7250001	7330000	+	0
1	7550001	7660000	+	0.046511628
1	7660001	7770000	+	0
1	7770001	7880000	+	0
1	7880001	7990000	+	0
1	8050001	8160000	+	0.046511628
1	8160001	8270000	+	0.062015504
1	8270001	8380000	+	0.015503876
1	8380001	8490000	+	0.046511628
1	8490001	8600000	+	0.062015504
1	8600001	8710000	+	0.046511628
1	8710001	8820000	+	0.031007752
1	8820001	8930000	+	0.015503876
1	8930001	9040000	+	0
1	9040001	9150000	+	0.031007752
1	9150001	9260000	+	0.031007752
1	9260001	9270000	+	0
1	9330001	9440000	+	0
1	9440001	9550000	+	0.015503876
1	9550001	9660000	+	0.015503876
1	9660001	9770000	+	0.093023256
1	9770001	9880000	+	0.015503876
1	9880001	9990000	+	0
1	9990001	10050000	+	0
1	10110001	10220000	+	0.015503876
1	10220001	10330000	+	0.015503876
1	10330001	10440000	+	0.046511628
1	10440001	10550000	+	0.031007752
1	10550001	10660000	+	0.015503876
1	10660001	10770000	+	0
1	10770001	10820000	+	0
1	10880001	10990000	+	0
1	10990001	11040000	+	0
1	11100001	11210000	+	0.015503876
1	11210001	11320000	+	0
1	11320001	11430000	+	0.015503876
1	11430001	11460000	+	0
1	11520001	11560000	+	0
1	11620001	11730000	+	0.046511628
1	11730001	11840000	+	0
1	11840001	11950000	+	0
1	11950001	12060000	+	0
1	12060001	12170000	+	0
1	12170001	12280000	+	0
1	12340001	12450000	+	0
1	12450001	12560000	+	0
1	12560001	12670000	+	0
1	12670001	12780000	+	0
1	12780001	12890000	+	0.015503876
1	12890001	13000000	+	0.015503876
1	13000001	13010000	+	0.015503876
1	13070001	13180000	+	0
1	13180001	13290000	+	0.015503876
1	13290001	13400000	+	0.015503876
1	13400001	13510000	+	0.031007752
1	13510001	13620000	+	0.015503876
1	13620001	13730000	+	0
1	13730001	13840000	+	0
1	13840001	13950000	+	0
1	13950001	14060000	+	0.031007752
1	14060001	14170000	+	0.015503876
1	14170001	14280000	+	0.015503876
1	14280001	14390000	+	0.015503876
1	14390001	14500000	+	0.046511628
1	14500001	14590000	+	0.015503876
1	14700001	14810000	+	0
1	14810001	14920000	+	0
1	14920001	15030000	+	0
1	15030001	15140000	+	0
1	15200001	15280000	+	0
1	15340001	15450000	+	0.031007752
1	15450001	15560000	+	0.07751938
1	15560001	15670000	+	0.015503876
1	15670001	15750000	+	0
1	15810001	15920000	+	0
1	15920001	15960000	+	0
1	16020001	16130000	+	0.031007752
1	16130001	16240000	+	0
1	16240001	16350000	+	0.015503876
1	16350001	16460000	+	0.031007752
1	16460001	16570000	+	0.015503876
1	16570001	16680000	+	0.031007752
1	16680001	16790000	+	0
1	16790001	16900000	+	0.015503876
1	16900001	17010000	+	0.093023256
1	17010001	17120000	+	0.046511628
1	17120001	17230000	+	0.046511628
1	17230001	17340000	+	0.015503876
1	17340001	17450000	+	0
1	17450001	17560000	+	0.062015504
1	17560001	17670000	+	0.015503876
1	17670001	17780000	+	0
1	17780001	17890000	+	0
1	17890001	17960000	+	0.015503876
1	18020001	18130000	+	0
1	18130001	18240000	+	0.015503876
1	18300001	18410000	+	0.031007752
1	18410001	18520000	+	0
1	18520001	18630000	+	0
1	18630001	18740000	+	0.062015504
1	18740001	18850000	+	0.015503876
1	18850001	18960000	+	0
1	18960001	19050000	+	0
1	19110001	19220000	+	0.031007752
1	19220001	19330000	+	0.015503876
1	19330001	19440000	+	0.031007752
1	19440001	19550000	+	0.062015504
1	19550001	19660000	+	0.046511628
1	19660001	19770000	+	0
1	19770001	19800000	+	0
1	19860001	19970000	+	0
1	19970001	20080000	+	0
1	20080001	20190000	+	0
1	20190001	20300000	+	0.015503876
1	20300001	20380000	+	0
1	20440001	20550000	+	0.015503876
1	20550001	20660000	+	0.031007752
1	20660001	20770000	+	0.046511628
1	20770001	20880000	+	0.031007752
1	20880001	20990000	+	0
1	20990001	21100000	+	0
1	21100001	21210000	+	0
1	21210001	21280000	+	0
1	21340001	21450000	+	0.015503876
1	21450001	21560000	+	0.015503876
1	21560001	21670000	+	0
1	21670001	21780000	+	0
1	21780001	21890000	+	0
1	21890001	22000000	+	0.031007752
1	22000001	22080000	+	0
1	22140001	22250000	+	0.015503876
1	22250001	22340000	+	0
1	22400001	22510000	+	0.031007752
1	22510001	22620000	+	0
1	22620001	22730000	+	0.015503876
1	22730001	22840000	+	0
1	22840001	22950000	+	0.031007752
1	22950001	23060000	+	0
1	23060001	23170000	+	0.062015504
1	23170001	23280000	+	0.015503876
1	23280001	23390000	+	0
1	23390001	23500000	+	0.031007752
1	23500001	23610000	+	0.062015504
1	23610001	23720000	+	0.031007752
1	23720001	23830000	+	0.015503876
1	23830001	23940000	+	0.015503876
1	23940001	24050000	+	0.046511628
1	24050001	24160000	+	0.015503876
1	24160001	24270000	+	0.062015504
1	24270001	24380000	+	0
1	24380001	24490000	+	0.015503876
1	24490001	24600000	+	0.031007752
1	24600001	24710000	+	0
1	24710001	24740000	+	0
1	24800001	24900000	+	0
1	24960001	25070000	+	0.015503876
1	25130001	25240000	+	0.031007752
1	25240001	25350000	+	0.046511628
1	25350001	25460000	+	0.015503876
1	25460001	25570000	+	0.031007752
1	25570001	25680000	+	0.015503876
1	25680001	25760000	+	0
1	25820001	25930000	+	0
1	25930001	26040000	+	0.031007752
1	26040001	26150000	+	0.031007752
1	26150001	26260000	+	0.046511628
1	26260001	26370000	+	0
1	26370001	26480000	+	0.046511628
1	26480001	26590000	+	0.031007752
1	26590001	26700000	+	0
1	26700001	26810000	+	0
1	26810001	26920000	+	0.015503876
1	26920001	27030000	+	0.046511628
1	27030001	27140000	+	0
1	27200001	27310000	+	0
1	27310001	27420000	+	0.046511628
1	27420001	27530000	+	0.031007752
1	27530001	27640000	+	0
1	27640001	27750000	+	0.015503876
1	27750001	27860000	+	0.062015504
1	27860001	27970000	+	0.015503876
1	27970001	28080000	+	0
1	28080001	28190000	+	0.015503876
1	28190001	28300000	+	0.031007752
1	28300001	28310000	+	0
1	28370001	28480000	+	0
1	28480001	28590000	+	0
1	28590001	28700000	+	0.046511628
1	28700001	28810000	+	0
1	28810001	28920000	+	0.046511628
1	28920001	29030000	+	0.046511628
1	29030001	29140000	+	0.046511628
1	29140001	29250000	+	0
1	29250001	29360000	+	0.015503876
1	29360001	29470000	+	0.062015504
1	29470001	29580000	+	0
1	29580001	29690000	+	0
1	29690001	29800000	+	0.015503876
1	29800001	29890000	+	0.015503876
2	1	110000	+	0.031007752
2	110001	120000	+	0
2	180001	290000	+	0
2	290001	310000	+	0
2	370001	480000	+	0
2	480001	590000	+	0
2	590001	700000	+	0.046511628
2	700001	730000	+	0
2	790001	900000	+	0
2	900001	1010000	+	0
2	1010001	1110000	+	0
2	1170001	1280000	+	0
2	1280001	1390000	+	0
2	1390001	1470000	+	0
2	1530001	1640000	+	0
2	1640001	1750000	+	0
2	1750001	1860000	+	0
2	1860001	1890000	+	0
2	1950001	2060000	+	0.015503876
2	2060001	2170000	+	0.046511628
2	2170001	2280000	+	0.015503876
2	2280001	2390000	+	0.015503876
2	2390001	2500000	+	0
2	2500001	2610000	+	0.015503876
2	2610001	2720000	+	0.046511628
2	2720001	2830000	+	0.062015504
2	2830001	2940000	+	0
2	2940001	3050000	+	0
2	3050001	3160000	+	0.031007752
2	3160001	3260000	+	0
2	3320001	3430000	+	0
2	3490001	3600000	+	0
2	3600001	3710000	+	0.015503876
2	3710001	3820000	+	0
2	3820001	3890000	+	0.031007752
2	4000001	4110000	+	0.015503876
2	4110001	4220000	+	0.015503876
2	4220001	4330000	+	0.031007752
2	4330001	4440000	+	0.046511628
2	4440001	4550000	+	0.015503876
2	4550001	4660000	+	0.015503876
2	4660001	4770000	+	0.031007752
2	4770001	4880000	+	0.062015504
2	4880001	4990000	+	0
2	4990001	5100000	+	0
2	5100001	5210000	+	0.046511628
2	5210001	5320000	+	0.015503876
2	5320001	5430000	+	0
2	5430001	5540000	+	0.015503876
2	5540001	5650000	+	0
2	5650001	5760000	+	0.015503876
2	5760001	5870000	+	0.015503876
2	5870001	5980000	+	0.015503876
2	5980001	6050000	+	0
2	6110001	6220000	+	0.23255814
2	6220001	6330000	+	0.031007752
2	6330001	6440000	+	0.046511628
2	6440001	6550000	+	0.015503876
2	6550001	6660000	+	0.031007752
2	6660001	6720000	+	0.046511628
2	6780001	6890000	+	0.015503876
2	6890001	7000000	+	0
2	7000001	7100000	+	0
2	7160001	7270000	+	0.015503876
2	7270001	7350000	+	0
2	7410001	7520000	+	0.015503876
2	7520001	7630000	+	0
2	7630001	7740000	+	0
2	7740001	7850000	+	0.015503876
2	7850001	7960000	+	0.015503876
2	7960001	8070000	+	0.015503876
2	8070001	8180000	+	0.015503876
2	8180001	8290000	+	0.015503876
2	8290001	8400000	+	0.046511628
2	8400001	8510000	+	0.015503876
2	8510001	8590000	+	0.07751938
2	8710001	8820000	+	0.015503876
2	8820001	8930000	+	0.046511628
2	8930001	9040000	+	0
2	9040001	9150000	+	0.031007752
2	9150001	9260000	+	0
2	9260001	9370000	+	0.015503876
2	9370001	9480000	+	0.031007752
2	9480001	9590000	+	0
2	9590001	9700000	+	0
2	9700001	9810000	+	0.062015504
2	9810001	9920000	+	0.07751938
2	9920001	10030000	+	0
2	10030001	10140000	+	0.015503876
2	10140001	10210000	+	0
2	10270001	10380000	+	0.015503876
2	10380001	10490000	+	0
2	10490001	10600000	+	0.062015504
2	10600001	10710000	+	0
2	10710001	10820000	+	0.015503876
2	10820001	10930000	+	0.046511628
2	10930001	11040000	+	0
2	11040001	11150000	+	0.046511628
2	11150001	11260000	+	0.046511628
2	11260001	11370000	+	0
2	11370001	11480000	+	0.015503876
2	11480001	11560000	+	0.015503876
2	11620001	11730000	+	0.015503876
2	11730001	11840000	+	0.031007752
2	11840001	11950000	+	0
2	11950001	12060000	+	0.015503876
2	12060001	12170000	+	0
2	12170001	12280000	+	0.031007752
2	12280001	12390000	+	0
2	12390001	12500000	+	0
2	12500001	12610000	+	0.031007752
2	12610001	12720000	+	0.031007752
2	12720001	12830000	+	0
2	12830001	12940000	+	0.015503876
2	12940001	13050000	+	0.031007752
2	13050001	13160000	+	0
2	13160001	13270000	+	0.046511628
2	13270001	13380000	+	0.015503876
2	13380001	13490000	+	0.015503876
2	13490001	13600000	+	0.062015504
2	13600001	13710000	+	0.015503876
2	13710001	13820000	+	0
2	13820001	13930000	+	0.015503876
2	13930001	14040000	+	0.07751938
2	14040001	14150000	+	0.062015504
2	14150001	14260000	+	0.031007752
2	14260001	14370000	+	0
2	14370001	14480000	+	0.046511628
2	14480001	14590000	+	0
2	14590001	14700000	+	0
2	14700001	14810000	+	0.046511628
2	14810001	14920000	+	0.046511628
2	14920001	15030000	+	0
2	15030001	15140000	+	0
2	15140001	15250000	+	0.062015504
2	15250001	15360000	+	0
2	15360001	15470000	+	0
2	15470001	15490000	+	0
3	1	110000	+	0.015503876
3	110001	220000	+	0.015503876
3	220001	330000	+	0
3	330001	440000	+	0.015503876
3	440001	520000	+	0
3	630001	740000	+	0.062015504
3	740001	850000	+	0.015503876
3	850001	960000	+	0.031007752
3	960001	1070000	+	0.015503876
3	1070001	1180000	+	0.015503876
3	1180001	1290000	+	0.015503876
3	1290001	1340000	+	0.031007752
3	1400001	1510000	+	0.015503876
3	1510001	1620000	+	0.062015504
3	1620001	1730000	+	0.015503876
3	1730001	1840000	+	0.015503876
3	1840001	1950000	+	0
3	1950001	2060000	+	0.046511628
3	2060001	2170000	+	0.015503876
3	2170001	2280000	+	0.046511628
3	2340001	2450000	+	0.015503876
3	2450001	2560000	+	0
3	2560001	2670000	+	0.062015504
3	2670001	2780000	+	0.046511628
3	2780001	2890000	+	0.015503876
3	2890001	3000000	+	0.015503876
3	3000001	3110000	+	0.031007752
3	3110001	3220000	+	0.046511628
3	3340001	3450000	+	0
3	3450001	3560000	+	0.031007752
3	3560001	3670000	+	0.046511628
3	3670001	3780000	+	0
3	3780001	3890000	+	0
3	3890001	3910000	+	0
3	3970001	4080000	+	0.015503876
3	4080001	4190000	+	0
3	4190001	4300000	+	0.031007752
3	4300001	4410000	+	0.015503876
3	4410001	4520000	+	0.046511628
3	4520001	4630000	+	0.031007752
3	4630001	4740000	+	0
3	4740001	4850000	+	0.015503876
3	4850001	4960000	+	0.015503876
3	4960001	5070000	+	0.015503876
3	5070001	5180000	+	0.031007752
3	5180001	5290000	+	0.046511628
3	5290001	5400000	+	0.062015504
3	5400001	5510000	+	0
3	5510001	5620000	+	0.046511628
3	5620001	5730000	+	0
3	5730001	5840000	+	0.015503876
3	5840001	5950000	+	0
3	5950001	6060000	+	0.031007752
3	6060001	6170000	+	0.031007752
3	6170001	6180000	+	0
3	6240001	6350000	+	0.046511628
3	6350001	6460000	+	0.031007752
3	6460001	6570000	+	0.015503876
3	6570001	6680000	+	0.031007752
3	6680001	6790000	+	0
3	6790001	6900000	+	0.015503876
3	6900001	7010000	+	0
3	7010001	7120000	+	0.046511628
3	7120001	7230000	+	0
3	7230001	7340000	+	0.015503876
3	7340001	7450000	+	0
3	7450001	7560000	+	0.031007752
3	7560001	7670000	+	0.046511628
3	7670001	7780000	+	0.015503876
3	7780001	7890000	+	0.015503876
3	7890001	8000000	+	0.031007752
3	8000001	8110000	+	0
3	8110001	8220000	+	0.015503876
3	8220001	8330000	+	0.062015504
3	8330001	8440000	+	0
3	8440001	8550000	+	0.07751938
3	8550001	8660000	+	0.031007752
3	8660001	8750000	+	0.015503876
3	8910001	9020000	+	0.015503876
3	9020001	9130000	+	0.015503876
3	9130001	9240000	+	0.031007752
3	9240001	9330000	+	0
3	9450001	9560000	+	0.015503876
3	9560001	9670000	+	0.015503876
3	9670001	9780000	+	0.062015504
3	9780001	9890000	+	0.031007752
3	9890001	10000000	+	0.015503876
3	10000001	10110000	+	0.015503876
3	10110001	10220000	+	0.015503876
3	10220001	10330000	+	0.062015504
3	10330001	10440000	+	0.015503876
3	10440001	10550000	+	0
3	10550001	10660000	+	0.046511628
3	10660001	10670000	+	0
3	10730001	10840000	+	0.031007752
3	10840001	10950000	+	0.046511628
3	10950001	11060000	+	0
3	11060001	11170000	+	0
3	11170001	11280000	+	0
3	11280001	11390000	+	0.062015504
3	11390001	11500000	+	0.062015504
3	11500001	11600000	+	0
3	11660001	11770000	+	0
3	11770001	11880000	+	0.015503876
3	11880001	11990000	+	0.015503876
3	11990001	12100000	+	0.015503876
3	12100001	12210000	+	0.015503876
3	12210001	12320000	+	0.031007752
3	12320001	12430000	+	0.015503876
3	12430001	12530000	+	0
3	12640001	12750000	+	0.015503876
3	12750001	12860000	+	0
3	12860001	12970000	+	0.015503876
3	12970001	13060000	+	0
3	13120001	13230000	+	0
4	1	110000	+	0
4	110001	220000	+	0
4	220001	330000	+	0.015503876
4	330001	440000	+	0
4	440001	490000	+	0
4	600001	710000	+	0
4	710001	820000	+	0
4	820001	840000	+	0
4	900001	1010000	+	0
4	1010001	1120000	+	0.015503876
4	1120001	1230000	+	0.015503876
4	1230001	1340000	+	0
4	1340001	1430000	+	0
4	1490001	1600000	+	0
4	1600001	1710000	+	0.015503876
4	1710001	1820000	+	0.015503876
4	1820001	1930000	+	0
4	1930001	2040000	+	0.031007752
4	2040001	2150000	+	0
4	2150001	2260000	+	0.062015504
4	2260001	2370000	+	0.062015504
4	2370001	2480000	+	0
4	2480001	2590000	+	0.046511628
4	2590001	2700000	+	0.015503876
4	2700001	2810000	+	0
4	2810001	2920000	+	0.031007752
4	2920001	3030000	+	0.062015504
4	3030001	3140000	+	0.015503876
4	3140001	3250000	+	0.031007752
4	3250001	3350000	+	0
4	3410001	3520000	+	0
4	3520001	3630000	+	0
4	3630001	3740000	+	0.015503876
4	3740001	3850000	+	0.046511628
4	3850001	3960000	+	0.031007752
4	3960001	4070000	+	0
4	4070001	4180000	+	0.031007752
4	4180001	4290000	+	0.031007752
4	4290001	4400000	+	0
4	4400001	4440000	+	0
4	4500001	4610000	+	0.031007752
4	4610001	4720000	+	0
4	4720001	4830000	+	0
4	4830001	4870000	+	0
4	4930001	5040000	+	0
4	5040001	5150000	+	0.046511628
4	5150001	5260000	+	0.015503876
4	5260001	5370000	+	0
4	5370001	5480000	+	0.046511628
4	5480001	5550000	+	0.015503876
4	5610001	5720000	+	0
4	5720001	5830000	+	0
4	5830001	5940000	+	0.015503876
4	5940001	6050000	+	0.015503876
4	6050001	6160000	+	0.031007752
4	6160001	6270000	+	0.031007752
4	6270001	6380000	+	0
4	6380001	6490000	+	0.046511628
4	6490001	6600000	+	0.031007752
4	6600001	6710000	+	0
4	6710001	6820000	+	0.015503876
4	6820001	6930000	+	0
4	6930001	7040000	+	0
4	7040001	7150000	+	0
4	7150001	7260000	+	0.015503876
4	7260001	7370000	+	0.07751938
4	7370001	7480000	+	0.015503876
4	7480001	7590000	+	0.015503876
4	7590001	7700000	+	0.046511628
4	7700001	7810000	+	0
4	7810001	7860000	+	0.031007752
4	7920001	8030000	+	0.015503876
4	8030001	8140000	+	0.015503876
4	8140001	8200000	+	0
4	8260001	8370000	+	0.031007752
4	8370001	8480000	+	0.031007752
4	8480001	8590000	+	0
4	8590001	8700000	+	0.031007752
4	8700001	8760000	+	0.015503876
4	8820001	8930000	+	0.031007752
4	8930001	9040000	+	0.062015504
4	9040001	9130000	+	0
4	9190001	9300000	+	0
4	9300001	9410000	+	0.031007752
4	9410001	9520000	+	0.046511628
4	9520001	9630000	+	0.015503876
4	9630001	9740000	+	0
4	9740001	9850000	+	0.031007752
4	9850001	9960000	+	0.046511628
4	9960001	10070000	+	0.031007752
4	10070001	10180000	+	0
4	10180001	10290000	+	0.046511628
4	10290001	10400000	+	0.07751938
4	10400001	10510000	+	0.015503876
4	10510001	10620000	+	0.015503876
4	10620001	10730000	+	0.046511628
4	10730001	10840000	+	0.031007752
4	10840001	10950000	+	0.031007752
4	10950001	11060000	+	0
4	11060001	11170000	+	0
4	11170001	11280000	+	0
4	11280001	11390000	+	0
4	11390001	11500000	+	0
4	11500001	11610000	+	0.031007752
4	11610001	11630000	+	0.015503876
4	11790001	11900000	+	0
4	11900001	12010000	+	0.015503876
4	12010001	12120000	+	0.046511628
4	12120001	12230000	+	0.046511628
4	12230001	12340000	+	0.046511628
4	12340001	12450000	+	0
4	12450001	12560000	+	0
4	12560001	12670000	+	0
4	12670001	12710000	+	0
5	1	110000	+	0
5	110001	220000	+	0
5	220001	330000	+	0
5	330001	440000	+	0.031007752
5	440001	530000	+	0.015503876
5	590001	700000	+	0
5	700001	810000	+	0.015503876
5	810001	920000	+	0.015503876
5	920001	1030000	+	0
5	1030001	1140000	+	0
5	1140001	1250000	+	0.031007752
5	1250001	1360000	+	0
5	1360001	1470000	+	0
5	1470001	1580000	+	0.031007752
5	1580001	1690000	+	0.015503876
5	1690001	1800000	+	0.015503876
5	1800001	1910000	+	0.031007752
5	1910001	2020000	+	0.015503876
5	2020001	2130000	+	0.046511628
5	2130001	2240000	+	0.031007752
5	2240001	2250000	+	0
5	2370001	2480000	+	0.031007752
5	2480001	2590000	+	0.015503876
5	2590001	2700000	+	0
5	2700001	2710000	+	0
5	2770001	2880000	+	0.015503876
5	2880001	2990000	+	0.031007752
5	2990001	3100000	+	0.031007752
5	3100001	3210000	+	0
5	3210001	3240000	+	0
5	3300001	3410000	+	0
5	3470001	3580000	+	0
5	3580001	3690000	+	0
5	3690001	3800000	+	0.015503876
5	3800001	3910000	+	0.031007752
5	3910001	3930000	+	0
5	3990001	4100000	+	0
5	4100001	4210000	+	0
5	4210001	4320000	+	0.031007752
5	4320001	4430000	+	0.031007752
5	4430001	4540000	+	0
5	4540001	4650000	+	0.015503876
5	4650001	4740000	+	0
5	4800001	4910000	+	0
5	4910001	5020000	+	0
5	5020001	5130000	+	0.015503876
5	5130001	5240000	+	0.031007752
5	5240001	5350000	+	0.015503876
5	5350001	5460000	+	0.046511628
5	5460001	5570000	+	0.015503876
5	5570001	5680000	+	0
5	5680001	5790000	+	0.015503876
5	5790001	5900000	+	0.015503876
5	5900001	6010000	+	0.015503876
5	6010001	6120000	+	0
5	6120001	6230000	+	0.015503876
5	6230001	6340000	+	0.031007752
5	6340001	6450000	+	0
5	6450001	6530000	+	0.015503876
5	6640001	6750000	+	0.062015504
5	6750001	6860000	+	0.015503876
5	6860001	6970000	+	0.015503876
5	6970001	7080000	+	0
5	7080001	7190000	+	0.015503876
5	7190001	7300000	+	0
5	7300001	7370000	+	0
5	7430001	7540000	+	0.015503876
5	7540001	7650000	+	0.015503876
5	7650001	7760000	+	0.031007752
5	7760001	7870000	+	0.015503876
5	7870001	7980000	+	0.015503876
5	7980001	8090000	+	0.031007752
5	8090001	8200000	+	0.015503876
5	8200001	8310000	+	0
5	8310001	8420000	+	0
5	8420001	8530000	+	0.015503876
5	8530001	8610000	+	0.015503876
5	8670001	8780000	+	0.015503876
5	8780001	8890000	+	0.015503876
5	8890001	9000000	+	0
5	9000001	9110000	+	0.015503876
5	9110001	9200000	+	0
5	9260001	9370000	+	0.015503876
5	9370001	9480000	+	0.015503876
5	9480001	9590000	+	0
5	9590001	9700000	+	0.031007752
5	9700001	9810000	+	0.046511628
5	9810001	9920000	+	0
5	9920001	10030000	+	0.015503876
5	10030001	10140000	+	0.046511628
5	10140001	10250000	+	0.015503876
5	10250001	10360000	+	0
5	10360001	10470000	+	0.015503876
5	10470001	10580000	+	0.015503876
5	10580001	10690000	+	0.062015504
5	10690001	10800000	+	0
5	10800001	10910000	+	0.015503876
5	10910001	11020000	+	0.031007752
5	11020001	11130000	+	0.031007752
5	11130001	11240000	+	0.015503876
5	11240001	11350000	+	0.015503876
5	11350001	11460000	+	0
5	11460001	11570000	+	0
5	11570001	11680000	+	0.07751938
5	11680001	11790000	+	0
5	11790001	11900000	+	0
5	11900001	12010000	+	0.062015504
5	12010001	12060000	+	0
5	12120001	12230000	+	0
5	12230001	12340000	+	0.015503876
5	12340001	12410000	+	0
5	12470001	12580000	+	0.031007752
5	12580001	12590000	+	0.093023256
5	12700001	12810000	+	0.046511628
5	12810001	12920000	+	0
5	12920001	13030000	+	0
5	13030001	13140000	+	0.015503876
5	13140001	13250000	+	0
5	13250001	13360000	+	0.031007752
5	13360001	13470000	+	0
5	13470001	13570000	+	0
5	13680001	13790000	+	0
5	13790001	13900000	+	0.031007752
5	13900001	14010000	+	0.015503876
5	14010001	14120000	+	0.015503876
5	14120001	14230000	+	0
5	14230001	14340000	+	0.170542636
5	14340001	14360000	+	0
6	1	110000	+	0.031007752
6	110001	220000	+	0
6	220001	330000	+	0
6	330001	440000	+	0.015503876
6	440001	550000	+	0.046511628
6	550001	660000	+	0
6	660001	770000	+	0.031007752
6	770001	790000	+	0
6	850001	960000	+	0
6	960001	1070000	+	0
6	1070001	1180000	+	0
6	1180001	1290000	+	0
6	1290001	1400000	+	0.015503876
6	1400001	1440000	+	0
6	1660001	1770000	+	0.015503876
6	1770001	1790000	+	0
6	1850001	1960000	+	0.046511628
6	1960001	2070000	+	0
6	2070001	2180000	+	0.015503876
6	2180001	2190000	+	0
6	2250001	2340000	+	0
6	2400001	2510000	+	0
6	2510001	2620000	+	0
6	2620001	2730000	+	0
6	2730001	2760000	+	0
6	2820001	2930000	+	0.07751938
6	2930001	3040000	+	0
6	3040001	3150000	+	0
6	3150001	3260000	+	0.015503876
6	3260001	3310000	+	0
6	3370001	3460000	+	0
6	3520001	3630000	+	0.015503876
6	3630001	3740000	+	0.015503876
6	3740001	3820000	+	0.046511628
6	3880001	3990000	+	0
6	3990001	4090000	+	0
6	4150001	4260000	+	0.031007752
6	4260001	4370000	+	0
6	4370001	4480000	+	0
6	4480001	4590000	+	0
6	4590001	4700000	+	0
6	4700001	4810000	+	0
6	4810001	4920000	+	0.046511628
6	4920001	5030000	+	0.046511628
6	5030001	5060000	+	0
6	5120001	5230000	+	0.015503876
6	5230001	5340000	+	0
6	5340001	5450000	+	0.015503876
6	5450001	5560000	+	0
6	5560001	5670000	+	0.015503876
6	5670001	5780000	+	0
6	5780001	5890000	+	0.263565892
6	5890001	6000000	+	0
6	6000001	6110000	+	0
6	6110001	6220000	+	0
6	6220001	6330000	+	0
6	6330001	6370000	+	0
6	6430001	6540000	+	0.015503876
6	6540001	6650000	+	0
6	6650001	6760000	+	0
6	6760001	6870000	+	0.062015504
6	6870001	6980000	+	0
6	6980001	7090000	+	0
6	7090001	7200000	+	0.031007752
6	7200001	7310000	+	0
6	7310001	7420000	+	0.062015504
6	7420001	7530000	+	0.015503876
6	7530001	7620000	+	0.015503876
6	7740001	7850000	+	0
6	7850001	7960000	+	0.015503876
6	7960001	7990000	+	0
6	8100001	8210000	+	0.015503876
6	8210001	8320000	+	0
6	8320001	8430000	+	0
6	8430001	8540000	+	0.031007752
6	8540001	8650000	+	0.015503876
6	8650001	8760000	+	0
6	8760001	8870000	+	0.015503876
6	8870001	8980000	+	0.031007752
6	8980001	9090000	+	0.015503876
6	9090001	9200000	+	0
6	9200001	9310000	+	0
6	9310001	9420000	+	0.015503876
6	9420001	9530000	+	0
6	9530001	9640000	+	0.046511628
6	9640001	9750000	+	0
6	9750001	9860000	+	0.046511628
6	9860001	9970000	+	0.031007752
6	9970001	10080000	+	0.046511628
6	10080001	10120000	+	0
6	10230001	10280000	+	0.015503876
6	10340001	10450000	+	0
6	10450001	10560000	+	0.031007752
6	10560001	10670000	+	0
6	10670001	10780000	+	0
6	10780001	10890000	+	0
6	10890001	11000000	+	0
6	11000001	11110000	+	0.015503876
6	11110001	11220000	+	0.015503876
6	11220001	11330000	+	0.015503876
6	11330001	11440000	+	0.031007752
6	11440001	11550000	+	0
6	11550001	11660000	+	0.015503876
6	11660001	11770000	+	0.031007752
6	11770001	11880000	+	0.015503876
6	11940001	12030000	+	0.015503876
6	12150001	12260000	+	0.046511628
6	12260001	12370000	+	0.015503876
6	12370001	12480000	+	0.015503876
6	12480001	12590000	+	0.015503876
6	12590001	12700000	+	0.015503876
6	12700001	12750000	+	0
6	12870001	12980000	+	0.015503876
6	12980001	13090000	+	0.015503876
6	13090001	13200000	+	0.015503876
6	13200001	13310000	+	0
6	13310001	13420000	+	0
6	13420001	13530000	+	0
6	13530001	13640000	+	0
6	13640001	13660000	+	0.015503876
6	13770001	13880000	+	0.062015504
6	13880001	13990000	+	0.031007752
6	13990001	14100000	+	0.046511628
6	14100001	14140000	+	0
6	14200001	14310000	+	0.015503876
6	14310001	14420000	+	0.046511628
6	14420001	14480000	+	0
6	14540001	14650000	+	0.015503876
6	14650001	14760000	+	0
6	14760001	14870000	+	0
6	14870001	14980000	+	0.031007752
6	14980001	15090000	+	0.031007752
6	15090001	15200000	+	0.031007752
6	15200001	15310000	+	0
6	15310001	15420000	+	0.015503876
6	15420001	15530000	+	0.046511628
6	15530001	15590000	+	0
6	15810001	15920000	+	0.015503876
6	15920001	16030000	+	0
6	16030001	16140000	+	0
6	16140001	16210000	+	0.031007752
6	16270001	16380000	+	0
6	16380001	16490000	+	0.015503876
6	16490001	16600000	+	0.031007752
6	16600001	16710000	+	0
6	16710001	16820000	+	0
6	16820001	16930000	+	0
6	16930001	17040000	+	0.015503876
6	17040001	17150000	+	0
6	17150001	17260000	+	0
6	17260001	17370000	+	0
6	17370001	17480000	+	0
6	17480001	17580000	+	0
6	17640001	17750000	+	0.015503876
6	17750001	17860000	+	0.046511628
6	17860001	17970000	+	0.046511628
6	17970001	18080000	+	0.046511628
6	18080001	18190000	+	0.062015504
6	18190001	18300000	+	0.108527132
6	18300001	18410000	+	0.031007752
6	18410001	18470000	+	0
7	1	110000	+	0.031007752
7	110001	150000	+	0
7	210001	320000	+	0.046511628
7	320001	370000	+	0
7	430001	540000	+	0
7	540001	650000	+	0.031007752
7	650001	660000	+	0
7	770001	880000	+	0
7	880001	990000	+	0.062015504
7	990001	1100000	+	0.015503876
7	1100001	1210000	+	0.015503876
7	1210001	1320000	+	0.015503876
7	1320001	1430000	+	0.015503876
7	1430001	1530000	+	0.015503876
7	1590001	1700000	+	0.031007752
7	1700001	1810000	+	0
7	1810001	1920000	+	0
7	1920001	1930000	+	0
7	1990001	2100000	+	0.015503876
7	2100001	2210000	+	0
7	2210001	2260000	+	0
7	2380001	2490000	+	0.015503876
7	2490001	2600000	+	0.031007752
7	2600001	2710000	+	0.062015504
7	2710001	2820000	+	0.046511628
7	2820001	2930000	+	0.031007752
7	2930001	3040000	+	0.046511628
7	3100001	3210000	+	0.015503876
7	3210001	3320000	+	0.07751938
7	3320001	3430000	+	0.031007752
7	3430001	3540000	+	0.031007752
7	3540001	3650000	+	0.062015504
7	3650001	3760000	+	0.046511628
7	3760001	3810000	+	0
7	3920001	4030000	+	0
7	4030001	4140000	+	0
7	4140001	4250000	+	0.015503876
7	4250001	4360000	+	0.031007752
7	4360001	4380000	+	0
7	4440001	4550000	+	0
7	4550001	4590000	+	0.015503876
7	4650001	4760000	+	0
7	4760001	4780000	+	0
7	4840001	4950000	+	0
7	4950001	5060000	+	0
7	5060001	5130000	+	0
7	5190001	5300000	+	0
7	5300001	5310000	+	0
7	5370001	5480000	+	0.046511628
7	5480001	5590000	+	0.046511628
7	5590001	5700000	+	0
7	5700001	5810000	+	0
7	5810001	5920000	+	0
7	5920001	6030000	+	0.031007752
7	6030001	6140000	+	0.015503876
7	6140001	6250000	+	0
7	6250001	6360000	+	0
7	6360001	6450000	+	0
7	6510001	6620000	+	0
7	6620001	6730000	+	0
7	6730001	6840000	+	0
7	6840001	6950000	+	0
7	6950001	7060000	+	0
7	7060001	7070000	+	0
7	7130001	7240000	+	0
7	7240001	7350000	+	0
7	7350001	7460000	+	0
7	7460001	7570000	+	0
7	7570001	7670000	+	0
7	7730001	7840000	+	0.015503876
7	7840001	7950000	+	0.015503876
7	7950001	8060000	+	0.015503876
7	8060001	8170000	+	0
7	8170001	8260000	+	0
7	8320001	8430000	+	0.015503876
7	8430001	8540000	+	0.015503876
7	8540001	8650000	+	0.015503876
7	8650001	8760000	+	0.031007752
7	8760001	8870000	+	0.031007752
7	8870001	8980000	+	0
7	8980001	9090000	+	0
7	9090001	9200000	+	0.062015504
7	9200001	9310000	+	0.046511628
7	9310001	9420000	+	0.015503876
7	9420001	9530000	+	0
7	9530001	9640000	+	0.031007752
7	9640001	9750000	+	0.031007752
7	9750001	9860000	+	0.031007752
7	9860001	9970000	+	0
7	9970001	10080000	+	0.031007752
7	10080001	10190000	+	0.015503876
7	10190001	10300000	+	0.031007752
7	10300001	10410000	+	0.031007752
7	10410001	10520000	+	0
7	10580001	10690000	+	0.046511628
7	10690001	10800000	+	0.046511628
7	10800001	10910000	+	0.015503876
7	10910001	11020000	+	0
7	11020001	11130000	+	0.015503876
7	11130001	11240000	+	0
7	11240001	11350000	+	0
7	11350001	11460000	+	0
7	11460001	11570000	+	0.015503876
7	11570001	11680000	+	0
7	11680001	11790000	+	0.07751938
7	11790001	11840000	+	0
7	11950001	12060000	+	0.015503876
7	12060001	12170000	+	0.031007752
7	12170001	12280000	+	0.031007752
7	12280001	12390000	+	0
7	12390001	12500000	+	0
7	12500001	12610000	+	0
7	12610001	12720000	+	0.015503876
7	12720001	12830000	+	0
7	12830001	12940000	+	0.031007752
7	12940001	13050000	+	0.031007752
7	13050001	13160000	+	0.015503876
7	13160001	13210000	+	0
8	1	110000	+	0.015503876
8	110001	220000	+	0.015503876
8	220001	330000	+	0
8	330001	440000	+	0
8	440001	550000	+	0
8	550001	570000	+	0
8	630001	740000	+	0.031007752
8	740001	850000	+	0.046511628
8	910001	1020000	+	0.015503876
8	1020001	1130000	+	0.031007752
8	1130001	1240000	+	0
8	1240001	1350000	+	0.046511628
8	1350001	1420000	+	0.015503876
8	1480001	1590000	+	0.015503876
8	1590001	1680000	+	0
8	1740001	1850000	+	0
8	1850001	1960000	+	0
8	1960001	2070000	+	0
8	2070001	2170000	+	0
8	2230001	2340000	+	0
8	2340001	2450000	+	0
8	2450001	2560000	+	0
8	2560001	2670000	+	0.015503876
8	2670001	2780000	+	0
8	2780001	2890000	+	0.031007752
8	2890001	3000000	+	0
8	3000001	3110000	+	0.015503876
8	3110001	3220000	+	0.093023256
8	3220001	3330000	+	0.046511628
8	3330001	3440000	+	0.015503876
8	3440001	3550000	+	0.046511628
8	3550001	3660000	+	0
8	3660001	3770000	+	0.046511628
8	3770001	3880000	+	0.015503876
8	3880001	3990000	+	0
8	3990001	4100000	+	0.015503876
8	4100001	4140000	+	0
8	4200001	4310000	+	0.015503876
8	4310001	4420000	+	0.031007752
8	4420001	4530000	+	0.031007752
8	4530001	4640000	+	0
8	4640001	4750000	+	0.015503876
8	4750001	4860000	+	0
8	4860001	4970000	+	0.031007752
8	4970001	5080000	+	0
8	5080001	5190000	+	0
8	5190001	5300000	+	0
8	5300001	5410000	+	0.031007752
8	5410001	5520000	+	0.015503876
8	5520001	5630000	+	0.015503876
8	5630001	5740000	+	0.046511628
8	5740001	5850000	+	0.046511628
8	5850001	5960000	+	0
8	5960001	6070000	+	0.046511628
8	6070001	6180000	+	0.062015504
8	6240001	6350000	+	0
8	6350001	6460000	+	0
8	6460001	6570000	+	0
8	6570001	6680000	+	0
8	6680001	6790000	+	0
8	6790001	6900000	+	0.015503876
8	6900001	7010000	+	0
8	7010001	7120000	+	0
8	7120001	7230000	+	0.015503876
8	7230001	7240000	+	0
8	7300001	7410000	+	0.015503876
8	7410001	7520000	+	0
8	7520001	7630000	+	0
8	7630001	7740000	+	0.062015504
8	7740001	7850000	+	0.046511628
8	7850001	7960000	+	0.015503876
8	7960001	8070000	+	0.031007752
8	8070001	8180000	+	0.062015504
8	8180001	8290000	+	0.031007752
8	8290001	8400000	+	0
8	8400001	8510000	+	0
8	8510001	8620000	+	0
8	8620001	8730000	+	0.031007752
8	8730001	8840000	+	0
8	8840001	8910000	+	0
8	9020001	9130000	+	0
8	9130001	9240000	+	0
8	9240001	9350000	+	0.015503876
8	9350001	9460000	+	0
8	9460001	9540000	+	0
8	9600001	9710000	+	0
8	9710001	9820000	+	0
8	9820001	9890000	+	0.015503876
8	9950001	10060000	+	0.046511628
8	10060001	10170000	+	0.015503876
8	10170001	10280000	+	0.015503876
8	10280001	10390000	+	0.031007752
8	10390001	10410000	+	0
8	10470001	10580000	+	0.015503876
8	10580001	10690000	+	0.031007752
8	10690001	10800000	+	0
8	10800001	10910000	+	0.015503876
8	10910001	11020000	+	0.015503876
8	11020001	11040000	+	0
8	11100001	11210000	+	0.015503876
8	11210001	11220000	+	0
8	11280001	11390000	+	0.046511628
8	11390001	11440000	+	0
8	11500001	11610000	+	0.015503876
8	11610001	11720000	+	0
8	11720001	11830000	+	0.031007752
8	11830001	11940000	+	0.015503876
8	11940001	12050000	+	0
8	12050001	12160000	+	0.031007752
8	12160001	12270000	+	0
8	12270001	12380000	+	0
8	12600001	12710000	+	0
8	12710001	12820000	+	0
8	12820001	12930000	+	0
8	12930001	13040000	+	0
8	13040001	13150000	+	0.015503876
8	13150001	13260000	+	0
8	13260001	13370000	+	0.046511628
8	13370001	13480000	+	0.031007752
8	13480001	13540000	+	0.015503876
9	1	110000	+	0
9	110001	220000	+	0
9	220001	280000	+	0
9	340001	450000	+	0
9	450001	560000	+	0
9	560001	670000	+	0
9	670001	780000	+	0
9	780001	790000	+	0
9	850001	960000	+	0.015503876
9	960001	1070000	+	0
9	1070001	1160000	+	0
9	1220001	1330000	+	0
9	1330001	1440000	+	0.015503876
9	1440001	1550000	+	0.015503876
9	1550001	1660000	+	0
9	1660001	1670000	+	0
9	1730001	1840000	+	0.015503876
9	1840001	1950000	+	0.031007752
9	1950001	2060000	+	0.015503876
9	2060001	2170000	+	0.015503876
9	2170001	2280000	+	0.015503876
9	2280001	2320000	+	0
9	2430001	2540000	+	0
9	2540001	2650000	+	0.031007752
9	2650001	2760000	+	0.031007752
9	2760001	2870000	+	0
9	2870001	2980000	+	0.015503876
9	2980001	3090000	+	0.031007752
9	3090001	3200000	+	0.015503876
9	3200001	3310000	+	0
9	3310001	3420000	+	0
9	3420001	3470000	+	0
9	3530001	3640000	+	0
9	3640001	3750000	+	0.015503876
9	3750001	3860000	+	0.031007752
9	3860001	3970000	+	0
9	3970001	4080000	+	0
9	4080001	4190000	+	0
9	4190001	4300000	+	0.015503876
9	4300001	4310000	+	0
9	4420001	4530000	+	0
9	4530001	4640000	+	0.046511628
9	4640001	4750000	+	0.031007752
9	4750001	4860000	+	0
9	4860001	4970000	+	0
9	4970001	5080000	+	0
9	5080001	5190000	+	0
9	5190001	5300000	+	0
9	5300001	5410000	+	0
9	5410001	5520000	+	0.015503876
9	5520001	5630000	+	0.015503876
9	5630001	5740000	+	0
9	5740001	5850000	+	0
9	5850001	5960000	+	0
9	5960001	6070000	+	0
9	6070001	6180000	+	0
9	6180001	6290000	+	0.046511628
9	6290001	6400000	+	0
9	6400001	6510000	+	0
9	6510001	6620000	+	0.031007752
9	6620001	6730000	+	0.031007752
9	6730001	6840000	+	0
9	6840001	6950000	+	0.031007752
9	6950001	7060000	+	0.031007752
9	7060001	7170000	+	0
9	7170001	7280000	+	0.015503876
9	7280001	7390000	+	0.015503876
9	7390001	7500000	+	0.031007752
9	7500001	7610000	+	0.062015504
9	7610001	7720000	+	0
9	7720001	7830000	+	0
9	7830001	7940000	+	0.015503876
9	7940001	8050000	+	0.046511628
9	8050001	8160000	+	0.031007752
9	8160001	8270000	+	0.015503876
9	8270001	8380000	+	0.031007752
9	8380001	8490000	+	0
9	8490001	8600000	+	0.031007752
9	8600001	8710000	+	0.031007752
9	8710001	8820000	+	0.015503876
9	8820001	8930000	+	0
9	8930001	9040000	+	0.031007752
9	9040001	9140000	+	0.031007752
9	9250001	9360000	+	0
9	9360001	9470000	+	0.031007752
9	9470001	9580000	+	0.031007752
9	9580001	9690000	+	0
9	9690001	9800000	+	0.031007752
9	9800001	9910000	+	0
9	9910001	10020000	+	0.07751938
9	10020001	10130000	+	0
9	10130001	10240000	+	0
9	10240001	10350000	+	0.031007752
9	10350001	10460000	+	0.031007752
9	10460001	10570000	+	0
9	10570001	10680000	+	0
9	10680001	10790000	+	0.046511628
9	10790001	10900000	+	0.031007752
9	10900001	11010000	+	0.015503876
9	11010001	11120000	+	0.015503876
10	1	110000	+	0.015503876
10	110001	220000	+	0.015503876
10	220001	280000	+	0
10	340001	450000	+	0
10	450001	460000	+	0
10	520001	630000	+	0
10	630001	740000	+	0.031007752
10	740001	760000	+	0
10	820001	910000	+	0
10	970001	1080000	+	0
10	1080001	1120000	+	0
10	1180001	1290000	+	0.031007752
10	1290001	1360000	+	0
10	1420001	1530000	+	0.07751938
10	1530001	1540000	+	0
10	1600001	1710000	+	0.015503876
10	1710001	1820000	+	0
10	1820001	1840000	+	0
10	1900001	2010000	+	0.015503876
10	2010001	2070000	+	0
10	2130001	2240000	+	0.015503876
10	2240001	2350000	+	0
10	2350001	2460000	+	0.046511628
10	2460001	2480000	+	0
10	2540001	2650000	+	0.015503876
10	2650001	2760000	+	0.015503876
10	2760001	2780000	+	0
10	2840001	2940000	+	0
10	3000001	3110000	+	0
10	3110001	3220000	+	0.015503876
10	3220001	3270000	+	0.015503876
10	3330001	3440000	+	0.031007752
10	3440001	3530000	+	0
10	3590001	3700000	+	0
10	3700001	3810000	+	0.046511628
10	3810001	3820000	+	0
10	3880001	3990000	+	0.015503876
10	3990001	4020000	+	0.031007752
10	4080001	4190000	+	0.015503876
10	4190001	4300000	+	0.031007752
10	4300001	4410000	+	0.015503876
10	4410001	4480000	+	0.046511628
10	4540001	4650000	+	0
10	4650001	4710000	+	0.015503876
10	4770001	4880000	+	0
10	4880001	4900000	+	0
10	4960001	5070000	+	0
10	5070001	5170000	+	0
10	5230001	5340000	+	0
10	5340001	5450000	+	0
10	5450001	5520000	+	0
10	5580001	5690000	+	0.015503876
10	5690001	5710000	+	0
10	5770001	5880000	+	0.031007752
10	5880001	5990000	+	0.062015504
10	5990001	6100000	+	0.031007752
10	6100001	6210000	+	0.015503876
10	6210001	6320000	+	0.170542636
10	6320001	6430000	+	0
10	6430001	6540000	+	0.031007752
10	6540001	6650000	+	0.124031008
10	6650001	6760000	+	0.062015504
10	6760001	6870000	+	0
10	6870001	6980000	+	0
10	6980001	7090000	+	0
10	7090001	7190000	+	0
10	7250001	7360000	+	0
10	7360001	7470000	+	0.015503876
10	7470001	7580000	+	0.07751938
10	7580001	7690000	+	0.015503876
10	7690001	7800000	+	0.046511628
10	7800001	7910000	+	0.046511628
10	7910001	8020000	+	0
10	8020001	8130000	+	0
10	8130001	8240000	+	0.015503876
10	8240001	8290000	+	0.015503876
10	8350001	8460000	+	0
10	8460001	8570000	+	0.062015504
10	8570001	8680000	+	0
10	8680001	8770000	+	0.015503876
10	8830001	8940000	+	0.031007752
10	8940001	9050000	+	0.031007752
10	9050001	9160000	+	0.015503876
10	9160001	9270000	+	0.015503876
10	9270001	9380000	+	0
10	9380001	9490000	+	0.015503876
10	9490001	9600000	+	0.015503876
10	9600001	9710000	+	0
10	9710001	9820000	+	0.07751938
10	9820001	9930000	+	0
10	9930001	10040000	+	0
10	10040001	10150000	+	0.031007752
10	10150001	10260000	+	0.093023256
10	10260001	10370000	+	0.07751938
10	10370001	10480000	+	0
10	10480001	10590000	+	0.015503876
10	10590001	10700000	+	0.046511628
10	10700001	10810000	+	0.062015504
10	10810001	10920000	+	0.046511628
10	10920001	11030000	+	0.031007752
10	11030001	11140000	+	0.015503876
10	11140001	11250000	+	0.015503876
10	11250001	11360000	+	0
10	11360001	11470000	+	0
10	11470001	11570000	+	0.093023256
10	11630001	11740000	+	0.015503876
10	11740001	11850000	+	0
10	11850001	11960000	+	0
10	11960001	12070000	+	0
10	12070001	12180000	+	0.031007752
10	12180001	12290000	+	0.031007752
10	12290001	12400000	+	0.031007752
10	12400001	12420000	+	0
10	12480001	12590000	+	0.015503876
10	12590001	12700000	+	0
10	12700001	12810000	+	0.07751938
10	12810001	12910000	+	0
11	1	110000	+	0.031007752
11	110001	220000	+	0
11	220001	330000	+	0.046511628
11	330001	440000	+	0.015503876
11	440001	550000	+	0.031007752
11	550001	650000	+	0.015503876
11	760001	870000	+	0.015503876
11	870001	980000	+	0
11	980001	1090000	+	0
11	1090001	1200000	+	0
11	1200001	1310000	+	0.015503876
11	1310001	1370000	+	0
11	1430001	1500000	+	0.015503876
11	1560001	1670000	+	0
11	1670001	1690000	+	0
11	1750001	1860000	+	0.07751938
11	1860001	1970000	+	0.031007752
11	1970001	2080000	+	0.139534884
11	2080001	2190000	+	0.031007752
11	2190001	2300000	+	0.015503876
11	2300001	2410000	+	0
11	2410001	2520000	+	0
11	2520001	2630000	+	0
11	2630001	2740000	+	0.015503876
11	2740001	2850000	+	0
11	2850001	2960000	+	0
11	2960001	3070000	+	0
11	3070001	3180000	+	0.031007752
11	3180001	3290000	+	0.015503876
11	3290001	3310000	+	0
11	3420001	3530000	+	0.015503876
11	3530001	3640000	+	0.015503876
11	3640001	3750000	+	0
11	3750001	3840000	+	0
11	3900001	4010000	+	0.015503876
11	4010001	4120000	+	0
11	4120001	4230000	+	0
11	4230001	4340000	+	0
11	4340001	4450000	+	0
11	4450001	4560000	+	0
11	4560001	4570000	+	0
11	4680001	4790000	+	0
11	4790001	4900000	+	0
11	4900001	4990000	+	0
11	5050001	5160000	+	0
11	5160001	5270000	+	0
11	5270001	5380000	+	0.031007752
11	5380001	5490000	+	0.031007752
11	5490001	5600000	+	0.062015504
11	5600001	5710000	+	0.015503876
11	5710001	5820000	+	0.015503876
11	5820001	5920000	+	0.046511628
11	5980001	6090000	+	0
11	6090001	6190000	+	0
11	6250001	6360000	+	0
11	6360001	6470000	+	0.046511628
11	6470001	6580000	+	0
11	6580001	6690000	+	0
11	6690001	6800000	+	0
11	6800001	6910000	+	0
11	6970001	7080000	+	0
11	7080001	7180000	+	0
11	7240001	7350000	+	0
11	7350001	7460000	+	0.031007752
11	7460001	7570000	+	0
11	7570001	7680000	+	0.031007752
11	7680001	7790000	+	0.015503876
11	7790001	7900000	+	0.062015504
11	7900001	8010000	+	0.062015504
11	8010001	8120000	+	0
11	8120001	8230000	+	0
11	8230001	8340000	+	0.062015504
11	8340001	8450000	+	0.046511628
11	8450001	8560000	+	0.062015504
11	8560001	8670000	+	0
11	8670001	8780000	+	0.015503876
11	8780001	8800000	+	0
11	8910001	9020000	+	0.015503876
11	9020001	9130000	+	0.031007752
11	9130001	9240000	+	0.046511628
11	9240001	9350000	+	0.015503876
11	9350001	9460000	+	0.015503876
11	9460001	9570000	+	0.015503876
11	9570001	9680000	+	0.031007752
11	9680001	9790000	+	0.046511628
11	9790001	9900000	+	0.046511628
11	9900001	10010000	+	0.015503876
11	10010001	10120000	+	0.015503876
11	10120001	10230000	+	0.046511628
11	10230001	10340000	+	0.015503876
11	10340001	10450000	+	0.062015504
11	10450001	10560000	+	0
11	10560001	10670000	+	0
11	10670001	10780000	+	0.031007752
11	10780001	10890000	+	0
11	10890001	11000000	+	0.046511628
11	11000001	11110000	+	0.062015504
11	11110001	11220000	+	0
11	11220001	11330000	+	0.015503876
11	11330001	11440000	+	0.062015504
11	11440001	11550000	+	0.015503876
11	11550001	11660000	+	0.062015504
11	11660001	11770000	+	0.015503876
11	11770001	11880000	+	0
11	11880001	11990000	+	0
11	11990001	12100000	+	0.015503876
11	12100001	12210000	+	0.015503876
11	12210001	12320000	+	0.046511628
11	12320001	12430000	+	0.015503876
11	12430001	12540000	+	0.015503876
11	12540001	12650000	+	0
11	12650001	12760000	+	0
11	12760001	12870000	+	0.015503876
11	12870001	12980000	+	0.015503876
11	12980001	13090000	+	0
11	13090001	13200000	+	0
11	13200001	13310000	+	0
11	13310001	13420000	+	0
11	13420001	13530000	+	0
11	13530001	13640000	+	0
11	13750001	13860000	+	0.015503876
11	13860001	13970000	+	0.015503876
11	13970001	14080000	+	0.015503876
11	14080001	14190000	+	0
11	14190001	14300000	+	0
11	14300001	14410000	+	0.062015504
11	14410001	14520000	+	0
11	14520001	14630000	+	0.015503876
11	14630001	14720000	+	0
12	120001	230000	+	0.031007752
12	230001	340000	+	0.046511628
12	340001	450000	+	0.046511628
12	450001	560000	+	0.015503876
12	560001	670000	+	0.062015504
12	670001	740000	+	0
12	800001	910000	+	0.031007752
12	910001	970000	+	0.015503876
12	1030001	1140000	+	0
12	1140001	1250000	+	0.015503876
12	1250001	1360000	+	0
12	1360001	1470000	+	0
12	1470001	1580000	+	0.015503876
12	1580001	1680000	+	0
12	1740001	1850000	+	0
12	1850001	1960000	+	0
12	1960001	2040000	+	0
12	2150001	2260000	+	0
12	2260001	2370000	+	0
12	2370001	2480000	+	0.015503876
12	2480001	2590000	+	0
12	2590001	2700000	+	0.015503876
12	2700001	2810000	+	0
12	2810001	2920000	+	0
12	2920001	3030000	+	0
12	3030001	3140000	+	0
12	3140001	3250000	+	0
12	3250001	3350000	+	0
12	3410001	3520000	+	0.015503876
12	3520001	3630000	+	0
12	3630001	3740000	+	0
12	3740001	3760000	+	0
12	3820001	3930000	+	0
12	3930001	3960000	+	0
12	4020001	4130000	+	0.015503876
12	4130001	4240000	+	0
12	4240001	4350000	+	0.015503876
12	4350001	4460000	+	0.015503876
12	4460001	4570000	+	0.062015504
12	4570001	4680000	+	0.015503876
12	4680001	4720000	+	0
12	4830001	4940000	+	0.031007752
12	4940001	5050000	+	0.015503876
12	5050001	5160000	+	0
12	5160001	5270000	+	0
12	5270001	5380000	+	0.031007752
12	5380001	5490000	+	0
12	5490001	5600000	+	0.046511628
12	5600001	5710000	+	0.062015504
12	5710001	5820000	+	0
12	5820001	5930000	+	0.015503876
12	5930001	6040000	+	0.015503876
12	6040001	6150000	+	0.015503876
12	6150001	6260000	+	0.062015504
12	6260001	6370000	+	0.031007752
12	6370001	6480000	+	0
12	6480001	6590000	+	0.015503876
12	6590001	6700000	+	0.015503876
12	6700001	6810000	+	0.031007752
12	6810001	6920000	+	0.015503876
12	6920001	7030000	+	0.031007752
12	7030001	7140000	+	0.015503876
12	7140001	7250000	+	0.031007752
12	7250001	7360000	+	0.015503876
12	7360001	7470000	+	0.015503876
12	7470001	7580000	+	0.015503876
12	7580001	7690000	+	0.031007752
12	7690001	7700000	+	0
12	7810001	7920000	+	0.031007752
12	7920001	7930000	+	0
12	7990001	8100000	+	0
12	8100001	8210000	+	0.015503876
12	8210001	8320000	+	0.015503876
12	8320001	8430000	+	0
12	8430001	8540000	+	0.031007752
12	8540001	8650000	+	0.015503876
12	8650001	8760000	+	0
12	8760001	8870000	+	0
12	8870001	8980000	+	0
12	9040001	9150000	+	0
12	9150001	9260000	+	0.015503876
12	9260001	9370000	+	0.015503876
12	9370001	9480000	+	0.062015504
12	9480001	9590000	+	0.031007752
12	9590001	9700000	+	0.062015504
12	9700001	9810000	+	0.031007752
12	9810001	9920000	+	0
12	9920001	10030000	+	0.015503876
12	10030001	10140000	+	0
12	10140001	10250000	+	0.015503876
12	10250001	10360000	+	0.062015504
12	10360001	10470000	+	0.031007752
12	10470001	10580000	+	0
12	10580001	10690000	+	0
12	10690001	10800000	+	0
12	10800001	10910000	+	0.031007752
12	10910001	11020000	+	0.031007752
12	11020001	11130000	+	0.031007752
12	11130001	11240000	+	0.046511628
12	11240001	11350000	+	0
12	11350001	11460000	+	0.015503876
12	11460001	11570000	+	0.015503876
12	11570001	11680000	+	0.015503876
12	11680001	11790000	+	0.015503876
12	11790001	11900000	+	0.015503876
13	1	110000	+	0
13	110001	130000	+	0
13	190001	300000	+	0
13	300001	410000	+	0.046511628
13	410001	520000	+	0.031007752
13	520001	530000	+	0
13	590001	700000	+	0
13	700001	810000	+	0.062015504
13	810001	920000	+	0.031007752
13	920001	1030000	+	0.046511628
13	1030001	1140000	+	0.031007752
13	1140001	1250000	+	0.046511628
13	1250001	1360000	+	0.046511628
13	1360001	1370000	+	0.015503876
13	1430001	1540000	+	0.015503876
13	1540001	1650000	+	0.015503876
13	1650001	1760000	+	0.046511628
13	1760001	1870000	+	0.031007752
13	1870001	1980000	+	0.031007752
13	1980001	2090000	+	0.031007752
13	2090001	2150000	+	0
13	2210001	2320000	+	0.031007752
13	2320001	2430000	+	0
13	2430001	2540000	+	0.015503876
13	2540001	2650000	+	0.031007752
13	2650001	2760000	+	0.015503876
13	2760001	2850000	+	0.031007752
13	2910001	3020000	+	0.031007752
13	3020001	3130000	+	0.031007752
13	3130001	3210000	+	0.015503876
13	3270001	3380000	+	0.062015504
13	3380001	3490000	+	0
13	3490001	3600000	+	0
13	3600001	3710000	+	0
13	3710001	3820000	+	0.031007752
13	3820001	3930000	+	0
13	3930001	4040000	+	0
13	4040001	4150000	+	0
13	4150001	4260000	+	0
13	4260001	4370000	+	0.015503876
13	4370001	4480000	+	0.031007752
13	4480001	4590000	+	0
13	4590001	4700000	+	0.062015504
13	4700001	4810000	+	0.015503876
13	4810001	4920000	+	0
13	4920001	5030000	+	0.015503876
13	5030001	5140000	+	0.046511628
13	5140001	5250000	+	0.031007752
13	5250001	5360000	+	0
13	5360001	5470000	+	0.031007752
13	5470001	5540000	+	0.15503876
13	5650001	5760000	+	0
13	5760001	5870000	+	0
13	5870001	5980000	+	0
13	5980001	6090000	+	0.031007752
13	6090001	6200000	+	0.015503876
13	6200001	6250000	+	0
13	6310001	6420000	+	0
13	6420001	6530000	+	0.015503876
13	6530001	6640000	+	0.031007752
13	6640001	6750000	+	0.015503876
13	6750001	6860000	+	0
13	6860001	6970000	+	0
13	6970001	7080000	+	0
13	7080001	7190000	+	0
13	7190001	7300000	+	0
13	7300001	7410000	+	0
13	7410001	7460000	+	0
13	7570001	7680000	+	0
13	7680001	7790000	+	0
13	7790001	7900000	+	0
13	7900001	8010000	+	0.015503876
13	8010001	8120000	+	0
13	8120001	8230000	+	0
13	8230001	8340000	+	0.031007752
13	8340001	8450000	+	0
13	8450001	8560000	+	0.015503876
13	8560001	8670000	+	0.046511628
13	8670001	8780000	+	0.031007752
13	8780001	8890000	+	0.046511628
13	8890001	9000000	+	0.015503876
13	9000001	9110000	+	0.015503876
13	9110001	9220000	+	0.015503876
13	9220001	9330000	+	0
13	9330001	9440000	+	0.015503876
13	9440001	9550000	+	0.015503876
13	9550001	9600000	+	0
13	9710001	9820000	+	0.031007752
13	9820001	9920000	+	0.015503876
13	9980001	10090000	+	0.015503876
13	10090001	10200000	+	0
13	10200001	10280000	+	0
14	1	110000	+	0
14	110001	220000	+	0
14	220001	330000	+	0
14	330001	440000	+	0
14	440001	550000	+	0
14	550001	660000	+	0
14	660001	770000	+	0.015503876
14	770001	870000	+	0
14	930001	1020000	+	0
14	1080001	1190000	+	0.031007752
14	1190001	1300000	+	0
14	1300001	1410000	+	0
14	1410001	1420000	+	0
14	1540001	1650000	+	0
14	1650001	1760000	+	0
14	1760001	1870000	+	0.015503876
14	1870001	1980000	+	0.015503876
14	1980001	2060000	+	0
14	2170001	2280000	+	0.015503876
14	2280001	2390000	+	0.046511628
14	2390001	2500000	+	0.015503876
14	2500001	2610000	+	0
14	2610001	2620000	+	0
14	2680001	2790000	+	0.031007752
14	2790001	2900000	+	0.015503876
14	2900001	3010000	+	0
14	3010001	3120000	+	0.015503876
14	3120001	3150000	+	0.015503876
14	3210001	3320000	+	0
14	3320001	3430000	+	0
14	3430001	3540000	+	0.015503876
14	3540001	3650000	+	0
14	3650001	3760000	+	0.046511628
14	3760001	3870000	+	0.015503876
14	3870001	3980000	+	0.031007752
14	3980001	4090000	+	0.046511628
14	4090001	4200000	+	0
14	4200001	4310000	+	0.031007752
14	4310001	4420000	+	0.031007752
14	4420001	4530000	+	0
14	4530001	4640000	+	0
14	4640001	4750000	+	0.015503876
14	4750001	4830000	+	0.015503876
14	4890001	5000000	+	0
14	5000001	5110000	+	0
14	5110001	5220000	+	0.046511628
14	5220001	5330000	+	0
14	5330001	5440000	+	0.015503876
14	5440001	5550000	+	0.015503876
14	5550001	5660000	+	0
14	5660001	5720000	+	0.015503876
14	5890001	6000000	+	0
14	6000001	6110000	+	0.015503876
14	6110001	6220000	+	0.031007752
14	6220001	6330000	+	0.046511628
14	6330001	6440000	+	0.031007752
14	6440001	6550000	+	0
14	6550001	6660000	+	0
14	6660001	6770000	+	0.07751938
14	6770001	6880000	+	0.062015504
14	6880001	6990000	+	0
14	6990001	7100000	+	0
14	7100001	7210000	+	0.031007752
14	7210001	7320000	+	0.015503876
14	7320001	7430000	+	0.031007752
14	7430001	7460000	+	0
14	7520001	7630000	+	0.031007752
14	7630001	7740000	+	0.031007752
14	7740001	7850000	+	0.046511628
14	7850001	7960000	+	0
14	7960001	8070000	+	0.046511628
14	8070001	8180000	+	0.015503876
14	8180001	8290000	+	0.015503876
14	8290001	8400000	+	0.015503876
14	8400001	8510000	+	0.015503876
14	8510001	8620000	+	0
14	8620001	8640000	+	0
14	8700001	8810000	+	0
14	8810001	8920000	+	0.015503876
14	8920001	9030000	+	0.031007752
14	9030001	9140000	+	0
14	9140001	9250000	+	0.046511628
14	9250001	9360000	+	0.015503876
14	9360001	9470000	+	0
14	9470001	9580000	+	0
14	9580001	9690000	+	0
14	9690001	9800000	+	0.015503876
14	9800001	9910000	+	0.031007752
14	9910001	10020000	+	0.015503876
14	10020001	10130000	+	0.015503876
14	10130001	10240000	+	0.031007752
14	10240001	10250000	+	0
15	60001	170000	+	0
15	170001	280000	+	0
15	280001	390000	+	0.046511628
15	390001	500000	+	0.015503876
15	500001	560000	+	0
15	620001	730000	+	0
15	730001	840000	+	0
15	840001	900000	+	0
15	1010001	1120000	+	0
15	1120001	1230000	+	0
15	1230001	1340000	+	0
15	1340001	1450000	+	0
15	1450001	1560000	+	0
15	1620001	1730000	+	0
15	1850001	1960000	+	0
15	1960001	1990000	+	0
15	2050001	2160000	+	0.015503876
15	2160001	2270000	+	0
15	2270001	2380000	+	0
15	2440001	2550000	+	0
15	2550001	2660000	+	0
15	2660001	2770000	+	0.015503876
15	2770001	2850000	+	0.031007752
15	2910001	3020000	+	0.031007752
15	3020001	3130000	+	0
15	3130001	3240000	+	0.015503876
15	3240001	3340000	+	0.015503876
15	3450001	3560000	+	0
15	3560001	3670000	+	0.015503876
15	3670001	3780000	+	0
15	3780001	3890000	+	0
15	3890001	3920000	+	0
15	3980001	4090000	+	0.015503876
15	4090001	4200000	+	0.046511628
15	4200001	4310000	+	0.031007752
15	4310001	4420000	+	0.015503876
15	4420001	4530000	+	0.015503876
15	4530001	4640000	+	0.015503876
15	4640001	4750000	+	0.015503876
15	4750001	4860000	+	0.062015504
15	4860001	4970000	+	0.015503876
15	4970001	5080000	+	0.015503876
15	5080001	5190000	+	0.046511628
15	5190001	5300000	+	0
15	5300001	5390000	+	0.015503876
15	5500001	5610000	+	0
15	5610001	5720000	+	0.139534884
15	5720001	5830000	+	0
15	5830001	5850000	+	0
15	6020001	6130000	+	0.046511628
15	6130001	6240000	+	0
15	6240001	6350000	+	0
15	6350001	6460000	+	0
15	6460001	6570000	+	0.031007752
15	6570001	6680000	+	0
15	6680001	6790000	+	0.015503876
15	6790001	6900000	+	0.015503876
15	6900001	7010000	+	0
15	7010001	7120000	+	0.031007752
15	7120001	7230000	+	0
15	7230001	7340000	+	0.062015504
15	7340001	7450000	+	0.062015504
15	7450001	7560000	+	0.062015504
15	7560001	7670000	+	0.015503876
15	7670001	7780000	+	0.031007752
15	7780001	7890000	+	0.031007752
15	7890001	8000000	+	0.015503876
15	8000001	8110000	+	0.015503876
15	8110001	8220000	+	0.031007752
15	8220001	8330000	+	0.015503876
15	8330001	8440000	+	0.031007752
15	8440001	8550000	+	0.062015504
15	8550001	8660000	+	0.046511628
15	8660001	8770000	+	0.015503876
15	8770001	8880000	+	0.031007752
15	8880001	8990000	+	0.031007752
15	8990001	9100000	+	0
15	9100001	9210000	+	0.031007752
15	9210001	9320000	+	0.031007752
15	9320001	9430000	+	0.046511628
15	9430001	9540000	+	0.031007752
15	9540001	9650000	+	0.031007752
15	9650001	9760000	+	0
15	9760001	9870000	+	0
15	9870001	9980000	+	0
15	9980001	10000000	+	0
16	1	110000	+	0
16	110001	220000	+	0
16	220001	330000	+	0
16	330001	390000	+	0
16	450001	560000	+	0.015503876
16	560001	670000	+	0
16	670001	780000	+	0.015503876
16	780001	890000	+	0.031007752
16	890001	1000000	+	0.015503876
16	1000001	1110000	+	0
16	1110001	1220000	+	0
16	1220001	1330000	+	0
16	1330001	1440000	+	0.031007752
16	1440001	1550000	+	0
16	1550001	1660000	+	0
16	1660001	1770000	+	0
16	1770001	1880000	+	0
16	1880001	1990000	+	0
16	1990001	2100000	+	0.015503876
16	2210001	2320000	+	0.046511628
16	2320001	2430000	+	0.046511628
16	2430001	2540000	+	0.015503876
16	2540001	2650000	+	0.015503876
16	2650001	2760000	+	0.046511628
16	2760001	2870000	+	0.015503876
16	2870001	2980000	+	0.015503876
16	2980001	3090000	+	0.07751938
16	3090001	3200000	+	0.062015504
16	3200001	3310000	+	0.015503876
16	3310001	3420000	+	0
16	3420001	3530000	+	0.046511628
16	3530001	3640000	+	0.015503876
16	3640001	3750000	+	0
16	3750001	3860000	+	0
16	3860001	3970000	+	0.031007752
16	3970001	4080000	+	0.015503876
16	4080001	4130000	+	0
16	4190001	4300000	+	0.031007752
16	4300001	4410000	+	0
16	4410001	4520000	+	0.031007752
16	4520001	4630000	+	0
16	4630001	4740000	+	0
16	4740001	4850000	+	0
16	4850001	4960000	+	0.015503876
16	4960001	4990000	+	0.015503876
16	5050001	5160000	+	0
16	5160001	5270000	+	0.015503876
16	5270001	5380000	+	0
16	5380001	5490000	+	0
16	5490001	5600000	+	0.046511628
16	5600001	5710000	+	0.031007752
16	5710001	5820000	+	0
16	5930001	6040000	+	0
16	6040001	6150000	+	0.015503876
16	6150001	6260000	+	0
16	6260001	6370000	+	0.015503876
16	6370001	6480000	+	0.031007752
16	6480001	6590000	+	0.046511628
16	6590001	6700000	+	0.031007752
16	6700001	6810000	+	0.015503876
16	6810001	6920000	+	0.031007752
16	6920001	7030000	+	0
16	7030001	7140000	+	0.031007752
16	7140001	7150000	+	0
